<?xml version="1.0"?>
<MethodSetup Method="Likelihood::LikelihoodPCA">
  <GeneralInfo>
    <Info name="TMVA Release" value="4.2.1 [262657]"/>
    <Info name="ROOT Release" value="6.38/00 [402944]"/>
    <Info name="Creator" value="ooconnor"/>
    <Info name="Date" value="Thu Mar 12 11:27:02 2026"/>
    <Info name="Host" value="Linux buildvm-x86-26.rdu3.fedoraproject.org 6.17.1-300.fc43.x86_64 #1 SMP PREEMPT_DYNAMIC Mon Oct 6 15:37:21 UTC 2025 x86_64 x86_64 x86_64 GNU/Linux"/>
    <Info name="Dir" value="/home/lar/ooconnor/hyperons/srcs/sbndcode/sbndcode/Hyperons/output/TMVA"/>
    <Info name="Training events" value="2540"/>
    <Info name="TrainingTime" value="2.85101175e-01"/>
    <Info name="AnalysisType" value="Classification"/>
  </GeneralInfo>
  <Options>
    <Option name="V" modified="Yes">False</Option>
    <Option name="VerbosityLevel" modified="No">Default</Option>
    <Option name="VarTransform" modified="Yes">PCA</Option>
    <Option name="H" modified="Yes">False</Option>
    <Option name="CreateMVAPdfs" modified="No">False</Option>
    <Option name="IgnoreNegWeightsInTraining" modified="No">False</Option>
    <Option name="TransformOutput" modified="Yes">False</Option>
  </Options>
  <Variables NVar="3">
    <Variable VarIndex="0" Expression="RecoVertexX" Label="RecoVertexX" Title="RecoVertexX" Unit="" Internal="RecoVertexX" Type="F" Min="-1.79729904e+02" Max="1.79898163e+02"/>
    <Variable VarIndex="1" Expression="RecoVertexY" Label="RecoVertexY" Title="RecoVertexY" Unit="" Internal="RecoVertexY" Type="F" Min="-1.79911041e+02" Max="1.79771988e+02"/>
    <Variable VarIndex="2" Expression="RecoVertexZ" Label="RecoVertexZ" Title="RecoVertexZ" Unit="" Internal="RecoVertexZ" Type="F" Min="1.03850756e+01" Max="4.49893188e+02"/>
  </Variables>
  <Spectators NSpec="0"/>
  <Classes NClass="2">
    <Class Name="Signal" Index="0"/>
    <Class Name="Background" Index="1"/>
  </Classes>
  <Transformations NTransformations="1">
    <Transform Name="PCA">
      <Selection>
        <Input NInputs="3">
          <Input Type="Variable" Label="RecoVertexX" Expression="RecoVertexX"/>
          <Input Type="Variable" Label="RecoVertexY" Expression="RecoVertexY"/>
          <Input Type="Variable" Label="RecoVertexZ" Expression="RecoVertexZ"/>
        </Input>
        <Output NOutputs="3">
          <Output Type="Variable" Label="RecoVertexX" Expression="RecoVertexX"/>
          <Output Type="Variable" Label="RecoVertexY" Expression="RecoVertexY"/>
          <Output Type="Variable" Label="RecoVertexZ" Expression="RecoVertexZ"/>
        </Output>
      </Selection>
      <Statistics Class="Signal" ClassIndex="0" NRows="3">
        -1.97096191e+00 4.27195297e+00 2.47898343e+02 
      </Statistics>
      <Statistics Class="Background" ClassIndex="1" NRows="3">
        -1.31975061e+01 7.08015156e+00 2.17710092e+02 
      </Statistics>
      <Statistics Class="Combined" ClassIndex="2" NRows="3">
        -1.25787202e+01 6.92536896e+00 2.19374012e+02 
      </Statistics>
      <Eigenvectors Class="Signal" ClassIndex="0" NRows="3" NCols="3">
        2.03743889e-01 6.22329898e-01 7.55773726e-01 1.08455521e-02 -7.73353680e-01 6.33882055e-01 9.78964147e-01 -1.20952812e-01 -1.64315598e-01 
      </Eigenvectors>
      <Eigenvectors Class="Background" ClassIndex="1" NRows="3" NCols="3">
        -1.00392448e-02 -1.59421930e-02 -9.99822514e-01 -2.62160531e-02 -9.99525015e-01 1.62006854e-02 9.99605888e-01 -2.63740428e-02 -9.61653493e-03 
      </Eigenvectors>
      <Eigenvectors Class="Combined" ClassIndex="2" NRows="3" NCols="3">
        1.03342160e-04 -2.29219254e-03 -9.99997368e-01 -2.46732143e-02 -9.99692949e-01 2.28894497e-03 9.99695565e-01 -2.46729128e-02 1.59866186e-04 
      </Eigenvectors>
    </Transform>
  </Transformations>
  <MVAPdfs/>
  <Weights NVariables="3" NClasses="2">
    <PDFDescriptor VarIndex="0" ClassIndex="0">
      <PDF Name="LikelihoodPCA PDF Sig[0]" MinNSmooth="20" MaxNSmooth="20" InterpolMethod="2" KDE_type="1" KDE_iter="1" KDE_border="1" KDE_finefactor="1.0000000000000000e+00">
        <Histogram Name="dataset_LikelihoodPCA_RecoVertexX_sig_original" NBins="2" XMin="-2.6468515014648438e+02" XMax="2.3481764221191406e+02" HasEquidistantBins="1">
          6.40000000e+01 7.60000000e+01 
        </Histogram>
      </PDF>
    </PDFDescriptor>
    <PDFDescriptor VarIndex="0" ClassIndex="1">
      <PDF Name="LikelihoodPCA PDF Bkg[0]" MinNSmooth="20" MaxNSmooth="20" InterpolMethod="2" KDE_type="1" KDE_iter="1" KDE_border="1" KDE_finefactor="1.0000000000000000e+00">
        <Histogram Name="dataset_LikelihoodPCA_RecoVertexX_bgd_original" NBins="2" XMin="-2.6468515014648438e+02" XMax="2.3481764221191406e+02" HasEquidistantBins="1">
          6.70253754e+01 7.29754791e+01 
        </Histogram>
      </PDF>
    </PDFDescriptor>
    <PDFDescriptor VarIndex="1" ClassIndex="0">
      <PDF Name="LikelihoodPCA PDF Sig[1]" MinNSmooth="5" MaxNSmooth="5" InterpolMethod="2" KDE_type="1" KDE_iter="1" KDE_border="1" KDE_finefactor="1.0000000000000000e+00">
        <Histogram Name="dataset_LikelihoodPCA_RecoVertexY_sig_original" NBins="2" XMin="-2.5857058715820312e+02" XMax="2.6540023803710938e+02" HasEquidistantBins="1">
          7.60000000e+01 6.40000000e+01 
        </Histogram>
      </PDF>
    </PDFDescriptor>
    <PDFDescriptor VarIndex="1" ClassIndex="1">
      <PDF Name="LikelihoodPCA PDF Bkg[1]" MinNSmooth="5" MaxNSmooth="5" InterpolMethod="2" KDE_type="1" KDE_iter="1" KDE_border="1" KDE_finefactor="1.0000000000000000e+00">
        <Histogram Name="dataset_LikelihoodPCA_RecoVertexY_bgd_original" NBins="2" XMin="-2.5857058715820312e+02" XMax="2.6540023803710938e+02" HasEquidistantBins="1">
          7.31504822e+01 6.68503723e+01 
        </Histogram>
      </PDF>
    </PDFDescriptor>
    <PDFDescriptor VarIndex="2" ClassIndex="0">
      <PDF Name="LikelihoodPCA PDF Sig[2]" MinNSmooth="5" MaxNSmooth="5" InterpolMethod="2" KDE_type="1" KDE_iter="1" KDE_border="1" KDE_finefactor="1.0000000000000000e+00">
        <Histogram Name="dataset_LikelihoodPCA_RecoVertexZ_sig_original" NBins="2" XMin="-2.6734725952148438e+02" XMax="2.7207812500000000e+02" HasEquidistantBins="1">
          7.60000000e+01 6.40000000e+01 
        </Histogram>
      </PDF>
    </PDFDescriptor>
    <PDFDescriptor VarIndex="2" ClassIndex="1">
      <PDF Name="LikelihoodPCA PDF Bkg[2]" MinNSmooth="5" MaxNSmooth="5" InterpolMethod="2" KDE_type="1" KDE_iter="1" KDE_border="1" KDE_finefactor="1.0000000000000000e+00">
        <Histogram Name="dataset_LikelihoodPCA_RecoVertexZ_bgd_original" NBins="2" XMin="-2.6734725952148438e+02" XMax="2.7207812500000000e+02" HasEquidistantBins="1">
          6.90670776e+01 7.09337769e+01 
        </Histogram>
      </PDF>
    </PDFDescriptor>
  </Weights>
</MethodSetup>
